x y
226.4127 971.3297
228.8428 970.759
230.7058 971.085
231.9209 970.759
233.1359 970.4329
233.7029 969.8622
234.3509 969.8622
234.9179 969.536
235.8900 967.661
236.4570 967.4164
236.4570 966.4381
237.348 965.5414
237.348 964.3185
237.996 963.7478
238.3200 962.525
237.996 961.302
237.105 960.976
237.105 960.3237
238.8870 960.976
239.2110 962.7695
239.2110 964.3185
238.5630 964.9707
238.5630 966.1936
238.8870 966.7642
239.7781 967.4164
239.5351 968.8839
240.1021 968.3132
240.1021 967.0903
240.9931 966.1936
241.3171 965.5414
241.9651 964.6446
243.4232 964.3185
244.0712 963.9924
244.6382 963.4217
244.9622 962.7695
245.8532 962.525
245.8532 961.5466
245.2862 960.6499
244.9622 960.3237
244.3952 959.427
244.0712 958.8563
242.8561 957.6334
242.8561 956.9812
241.9651 956.0844
241.9651 955.1877
241.3171 954.2094
240.9931 953.3126
240.1021 951.7636
240.7501 951.7636
241.6411 953.6387
242.5321 953.9648
243.1802 954.8616
244.0712 955.1877
244.6382 955.7583
244.9622 957.6334
244.9622 958.204
245.8532 958.8563
247.0683 959.427
248.0403 959.427
248.2833 959.753
249.2553 960.6499
248.9313 962.1988
249.4983 963.4217
249.8223 964.6446
250.4704 965.5414
252.2524 965.8675
253.4674 965.8675
254.3585 965.2153
255.5735 964.6446
257.1125 963.7478
258.0036 963.4217
258.6516 962.1988
258.6516 960.976
259.8666 960.3237
259.8666 959.427
259.5426 958.204
258.9756 957.878
258.6516 957.6334
258.0036 956.6551
257.4365 955.7583
257.1125 954.5355
257.4365 953.6387
256.7885 952.742
256.2215 951.193
255.5735 950.2962
257.4365 951.519
257.4365 952.9865
258.0036 953.9648
258.3276 954.8616
258.9756 956.0844
259.5426 956.6551
260.7576 957.6334
261.6487 959.1009
262.2967 959.753
262.6207 960.3237
262.8637 960.6499
263.1877 961.5466
263.8357 962.525
264.7267 962.7695
264.4027 961.8727
265.2938 961.5466
265.9418 960.976
267.4808 960.976
267.7238 960.6499
268.3718 959.753
269.5869 958.8563
270.4779 957.878
271.1259 959.753
271.1259 961.5466
271.6929 961.8727
271.6929 962.7695
272.9080 962.525
273.556 961.5466
274.771 961.8727
275.014 962.7695
275.6620 963.7478
276.2290 963.9924
277.2011 963.9924
278.6591 963.4217
278.6591 962.525
278.9831 962.7695
279.8741 963.4217
279.8741 964.3185
280.5222 964.6446
281.0892 965.2153
281.4132 966.4381
282.0612 966.7642
282.3042 967.4164
282.9522 966.7642
282.9522 966.1936
282.9522 965.5414
283.2762 964.6446
284.4913 964.3185
285.7063 963.9924
286.9213 963.7478
287.1643 963.4217
289.0274 962.7695
290.5664 962.525
292.6725 962.525
292.9965 963.0956
293.2395 963.4217
294.2115 963.9924
295.4266 963.9924
296.3176 963.4217
297.2086 964.3185
298.0996 964.9707
298.4236 965.8675
299.6387 966.1936
300.2867 966.4381
301.1777 967.0903
301.7447 967.4164
302.7168 967.661
303.9318 968.6393
304.8228 968.6393
305.3898 969.21
306.9289 969.21
308.4679 969.21
308.7919 968.8839
309.0349 968.3132
310.0070 967.9871
310.898 967.0903
310.898 966.4381
312.113 966.4381
312.437 967.0903
313.0040 967.4164
313.8951 967.4164
315.4341 967.4164
316.0821 967.0903
316.9732 966.4381
318.1882 966.1936
319.7272 966.1936
320.2942 966.4381
320.6182 966.7642
320.9423 967.9871
319.9702 968.6393
319.4032 968.8839
318.7552 969.536
318.5122 970.4329
317.8642 971.085
317.8642 971.9819
318.5122 973.5308
319.0792 973.5308
319.9702 973.7754
320.9423 973.7754
320.9423 973.2047
321.5093 972.5525
321.5093 971.9819
322.1573 971.085
323.0483 971.085
323.6153 971.9819
325.8024 971.9819
327.9084 972.5525
329.1235 972.5525
330.3385 972.308
331.5535 972.308
331.8776 971.085
333.0926 970.4329
334.5506 970.759
335.7657 970.759
336.7377 970.759
338.8437 971.3297
340.3828 971.6558
340.0588 969.21
339.1677 968.6393
339.1677 967.4164
339.4108 966.4381
339.1677 965.2153
338.1957 964.9707
337.3047 964.3185
337.3047 962.525
336.7377 961.5466
336.7377 960.6499
336.4137 959.753
335.5227 959.427
334.8746 958.5302
333.9836 957.878
333.6596 956.9812
333.6596 955.4322
333.6596 953.9648
334.5506 953.6387
334.5506 952.742
335.7657 952.0897
336.7377 951.7636
337.9527 951.7636
338.5197 950.5407
337.9527 949.3178
337.6287 948.421
336.4137 947.5243
336.4137 945.9753
336.9807 944.4263
336.0897 941.9806
335.1986 941.0838
334.5506 940.5131
333.6596 939.861
333.6596 939.2902
332.4446 938.638
331.8776 937.7413
330.9055 936.8445
330.0145 936.1923
330.0145 935.2955
329.4475 934.6433
329.1235 933.7465
327.5844 933.1759
326.6934 932.5237
325.8024 932.5237
325.4784 932.8498
324.5874 932.5237
323.3723 932.1976
322.1573 931.953
321.5093 931.6269
320.9423 930.7301
319.9702 929.7518
318.5122 930.404
317.2972 929.1811
316.6491 927.6321
316.0821 927.0615
315.4341 926.4093
315.1101 925.5125
314.5431 924.6157
314.2191 923.9635
313.3281 921.8439
312.437 920.2949
312.113 919.7242
312.113 919.072
311.465 918.7459
310.574 918.5013
310.2500 918.1752
309.3589 917.523
308.4679 917.2784
307.2529 916.3001
306.3619 916.0556
305.3898 915.4034
305.1468 915.0773
303.9318 914.8327
303.2838 912.6315
302.0687 912.0608
302.0687 910.838
300.8537 910.1858
299.6387 909.9412
299.0717 909.289
298.4236 908.9629
297.8566 908.3922
297.2086 908.0661
296.3176 907.4954
295.4266 907.4954
293.2395 907.1693
293.2395 906.2725
292.3485 905.6203
292.0245 903.8268
292.0245 902.604
291.7815 901.6256
290.2424 901.055
289.5944 900.4027
288.3794 899.832
287.4884 899.506
287.4884 898.9353
286.9213 898.283
285.0583 898.6092
283.5192 897.957
283.5192 897.0602
282.6282 896.7341
282.0612 895.5112
282.0612 894.9405
280.8462 894.2883
278.9831 894.2883
277.7681 894.6144
276.8771 895.2666
276.2290 894.2883
276.8771 894.0438
277.7681 893.3916
278.9831 892.1687
280.1982 891.8426
280.8462 891.598
282.0612 891.272
282.0612 889.723
281.4132 888.8262
280.5222 887.6033
280.5222 886.3804
280.1982 884.8314
279.3071 886.0543
278.0921 885.7282
276.8771 885.7282
274.447 885.4836
273.556 884.8314
272.0169 885.1575
271.3689 885.7282
270.4779 886.0543
268.9389 886.7065
267.7238 886.3804
266.5088 886.0543
264.4027 886.0543
262.2967 886.0543
261.9727 886.951
261.4056 887.9294
260.7576 889.3968
259.8666 890.3751
258.6516 890.6197
258.0036 891.598
257.4365 892.8209
255.8975 893.3916
255.3305 893.3916
