x y
1 0
450.0368 1170.6294
451.2138 1171.6158
452.3909 1172.9968
451.8023 1173.5887
449.8406 1173.786
448.075 1172.405
447.4865 1171.4185
446.898 1170.4321
445.9171 1169.0511
444.9363 1169.8403
443.3669 1169.643
441.7975 1168.8538
440.4243 1168.6565
441.209 1169.8403
443.3669 1171.2213
444.5439 1172.9968
445.5248 1174.7724
444.5439 1175.7588
443.5631 1176.3507
443.1707 1177.7317
441.6013 1179.1127
439.8358 1178.3236
439.0511 1176.9426
438.2664 1175.3643
438.6587 1172.6023
436.697 1172.0104
436.3439 1173.5492
437.2855 1178.3236
436.697 1179.31
436.8932 1181.2829
435.52 1182.072
433.3621 1182.072
434.9315 1183.6503
436.3047 1184.0449
437.0894 1185.6232
437.2855 1187.2015
435.9123 1187.9906
436.697 1189.1743
437.4817 1190.9499
437.4817 1193.3173
436.5008 1194.6983
434.9315 1193.3173
433.5582 1191.9363
431.7927 1192.1336
430.0271 1191.739
429.6348 1189.3716
429.2424 1187.2015
427.0845 1186.0177
426.6922 1184.834
427.6731 1183.453
428.4577 1182.072
430.4195 1181.0856
431.5965 1180.8883
429.6348 1179.5073
428.6539 1180.0991
426.1037 1182.072
425.5152 1184.2422
424.7305 1186.0177
422.9649 1184.6367
423.3572 1182.4666
422.9649 1180.2964
421.0032 1180.2964
419.4338 1179.7046
418.6491 1178.1263
419.63 1176.7453
421.1993 1176.1534
422.9649 1176.548
423.9458 1177.5344
425.7113 1177.929
427.4769 1177.1398
427.6731 1175.7588
429.0463 1174.5751
429.0463 1172.7995
429.0463 1170.8267
430.2233 1170.0375
431.9889 1170.2348
433.5582 1170.4321
434.3429 1168.6565
434.9315 1166.2891
435.9123 1165.6972
438.0702 1165.6972
438.8549 1164.9081
438.0702 1163.9217
436.697 1163.1325
435.3238 1162.3434
434.7353 1161.5542
434.9315 1159.3841
434.7353 1157.6085
433.5582 1158.7922
432.3812 1160.1732
430.8118 1160.7651
429.831 1160.1732
430.0271 1158.5949
428.6539 1157.6085
428.2616 1156.0302
427.4769 1157.4112
427.0845 1158.7922
426.1037 1158.9895
424.5343 1158.0031
423.7496 1157.4112
422.7687 1156.6221
422.1802 1157.8058
421.0032 1158.3976
419.2376 1157.8058
418.4529 1157.4112
416.6874 1157.2139
416.0988 1156.2275
416.295 1155.0438
415.5103 1154.4519
415.9027 1153.0709
416.6874 1150.9008
416.8835 1149.717
417.8644 1149.1252
418.2567 1147.9415
420.4147 1147.5469
421.7879 1148.9279
423.1611 1149.1252
423.7496 1147.9415
424.9266 1147.7442
425.7113 1148.7306
424.3381 1150.5062
426.1037 1151.2953
427.0845 1149.717
427.6731 1149.3225
429.0463 1147.7442
428.0654 1146.3632
426.1037 1146.1659
424.3381 1144.7849
425.5152 1143.7984
426.496 1142.4174
427.6731 1141.431
428.8501 1142.2202
429.0463 1144.193
430.6156 1143.7984
430.2233 1142.4174
431.5965 1143.2066
431.5965 1144.5876
430.8118 1146.1659
431.5965 1147.7442
432.185 1146.955
433.7544 1146.3632
433.3621 1147.5469
432.9697 1149.3225
431.4003 1150.5062
429.4386 1152.0845
430.6156 1152.6763
432.7736 1152.2818
434.3429 1151.6899
434.3429 1150.3089
435.1276 1148.1387
435.9123 1149.1252
436.8932 1150.3089
437.874 1151.6899
438.0702 1151.098
438.4626 1149.3225
437.0894 1146.1659
437.874 1144.3903
436.8932 1143.4039
436.8932 1142.2202
437.6779 1140.8391
437.874 1139.0636
436.8932 1137.288
435.52 1138.2744
433.5582 1138.2744
433.9506 1136.6961
435.7161 1136.1043
436.5008 1133.145
434.9315 1131.9613
434.7353 1130.5803
436.8932 1130.383
437.0894 1129.5938
436.1085 1128.2128
434.7353 1128.2128
435.7161 1127.621
436.3047 1126.4372
436.8932 1124.4644
435.52 1122.4915
434.7353 1121.5051
435.52 1120.7159
435.9123 1119.9268
435.1276 1118.3485
433.9506 1116.7702
433.5582 1115.7838
432.3812 1114.6001
432.185 1113.0218
433.5582 1111.838
435.1276 1111.6408
436.697 1111.2462
436.5008 1110.2597
435.3238 1109.076
436.8932 1108.4842
437.874 1108.6815
439.4434 1108.4842
440.6205 1109.4706
439.4434 1111.0489
439.6396 1112.2326
440.4243 1113.4163
439.8358 1115.1919
439.8358 1115.9811
440.8166 1116.7702
440.8166 1118.1512
439.8358 1119.1376
439.4434 1120.1241
439.0511 1121.8996
440.8166 1122.0969
441.6013 1121.3078
443.1707 1121.1105
444.1516 1121.8996
445.721 1122.0969
446.1133 1123.8725
444.7401 1124.4644
442.7784 1125.0562
441.9937 1126.6345
442.9745 1127.4237
444.5439 1128.2128
445.3286 1128.8047
443.9554 1130.1857
443.1707 1130.9748
442.386 1132.5531
442.9745 1133.145
443.9554 1133.5395
443.7592 1134.9206
442.9745 1136.3016
442.9745 1138.2744
444.5439 1139.2609
445.3286 1138.8663
447.0942 1137.0907
450.0368 1135.7097
450.2329 1137.288
450.4291 1138.0771
451.0176 1139.8527
451.8023 1140.4446
452.587 1139.0636
454.1564 1139.6554
454.5488 1141.2337
453.5679 1141.8256
452.1947 1142.4174
452.1947 1143.4039
450.4291 1144.3903
449.4483 1144.9822
447.6827 1144.7849
447.4865 1145.574
446.3095 1146.5605
445.3286 1146.1659
444.5439 1145.7713
442.9745 1145.7713
443.1707 1146.955
444.7401 1147.3496
444.3478 1148.1387
443.1707 1148.1387
441.9937 1148.336
442.5822 1149.3225
443.1707 1150.7035
442.1899 1151.8872
442.5822 1153.4655
443.7592 1151.8872
445.3286 1150.9008
445.9171 1152.479
446.898 1153.2682
447.8789 1153.0709
448.6636 1153.8601
447.6827 1154.8465
446.1133 1155.6356
446.3095 1156.6221
448.6636 1157.0166
449.4483 1158.0031
449.8406 1160.1732
448.4674 1160.7651
446.5057 1160.9624
444.5439 1161.5542
444.3478 1162.5407
445.5248 1163.5271
447.2904 1163.1325
448.8597 1163.5271
450.2329 1164.7108
450.6253 1166.2891
449.8406 1167.4728
448.4674 1166.6837
446.3095 1166.6837
447.2904 1167.6701
447.6827 1169.0511
449.0559 1170.0375
451.2138 1171.6158
